1.000000 -4992.896970 0.024916 0.001603
1.100000 -4985.224242 0.040082 0.002099
1.200000 -4972.080808 0.062256 0.002818
1.300000 -4951.309091 0.099339 0.004489
1.400000 -4919.030303 0.144036 0.006900
1.500000 -4878.024242 0.194311 0.008934
1.600000 -4819.866667 0.282949 0.013732
1.700000 -4745.046465 0.325459 0.015359
1.800000 -4652.505051 0.455473 0.019156
1.900000 -4523.430303 0.548329 0.024802
2.000000 -4367.341414 0.700073 0.030334
2.100000 -4154.197980 0.912323 0.043741
2.200000 -3872.739394 1.334403 0.062430
2.300000 -3391.062626 2.130072 0.091475
2.400000 -3015.030303 1.153762 0.055400
2.500000 -2759.656566 0.828087 0.040338
2.600000 -2565.890909 0.662937 0.029190
2.700000 -2408.505051 0.587977 0.026111
2.800000 -2272.266667 0.519541 0.023309
2.900000 -2149.422222 0.442238 0.020305
3.000000 -2046.541414 0.400579 0.017271
