1.000000 2498.185859 0.001680 0.000110
1.100000 2496.197980 0.003083 0.000192
1.200000 2492.729293 0.005483 0.000297
1.300000 2487.076768 0.010276 0.000493
1.400000 2478.123232 0.016528 0.000777
1.500000 2466.175758 0.026961 0.001329
1.600000 2448.721212 0.049319 0.002607
1.700000 2425.119192 0.066620 0.003316
1.800000 2393.761616 0.117143 0.005617
1.900000 2345.800000 0.188440 0.010552
2.000000 2279.810101 0.356238 0.017819
2.100000 2174.480808 0.780722 0.044141
2.200000 1979.159596 3.058560 0.176340
2.300000 1150.662626 45.839052 1.430555
2.400000 509.090909 22.726616 0.892002
2.500000 321.993939 8.659776 0.387020
2.600000 218.157576 4.545482 0.279758
2.700000 183.503030 2.449265 0.120212
2.800000 176.612121 2.425017 0.119889
2.900000 149.551515 1.764018 0.091883
3.000000 131.583838 1.323577 0.068130
