1.000000 -4743.123232 0.074663 0.003756
1.100000 -4720.993939 0.083393 0.003716
1.200000 -4689.793939 0.121351 0.005330
1.300000 -4664.953535 0.143323 0.006733
1.400000 -4615.733333 0.185277 0.007806
1.500000 -4572.581818 0.232092 0.011350
1.600000 -4502.634343 0.298572 0.013314
1.700000 -4414.080808 0.355052 0.015521
1.800000 -4291.531313 0.490248 0.022411
1.900000 -4181.575758 0.653790 0.029060
2.000000 -4004.981818 0.752432 0.035551
2.100000 -3783.531313 1.029609 0.043116
2.200000 -3531.648485 1.266666 0.052621
2.300000 -3243.397980 0.963947 0.043480
2.400000 -2960.375758 1.009233 0.047136
2.500000 -2740.541414 0.838240 0.037855
2.600000 -2554.355556 0.768183 0.035632
2.700000 -2397.725253 0.580185 0.026750
2.800000 -2251.705051 0.519942 0.023242
2.900000 -2141.894949 0.449288 0.017897
3.000000 -2035.325253 0.413080 0.019860
